10
20
30
40
50
10
20
30
40
50
10
20
30
20
10
20
30
40
50
10
20
30
40
50

50
10
20
30
40
50
10
20
30
10
20
30
40
10
20
30
40
50
10
20
30
40

10
20
30
40
50

10
10
20
20
10
10
20
30
40
50
10
10
<<<<<<< HEAD
20
10
30
40
10
10
10
10
10
20
30
10
20
10
20
10
30
40
50
10
10
20
30
40
10
10
20
30
20
=======
10
20
30
10
>>>>>>> refs/remotes/origin/master
10
10
20
10
<<<<<<< HEAD
10
20
10
20
30
10
10
20
30
40
50
10
20
30
40
10
50
60
70
10
20
10
20
10
20
30
40
50
=======
20
10
10
10
10
20
10
10
10
>>>>>>> refs/remotes/origin/master
10
20
